Far field
"Theta"[deg]	"ePlane [dBi]"	
-5.00000000E+00	6.01871166E-01	
-4.90000000E+00	5.09119384E+00	
-4.80000000E+00	7.56382761E+00	
-4.70000000E+00	8.90789442E+00	
-4.60000000E+00	9.42729038E+00	
-4.50000000E+00	9.24521899E+00	
-4.40000000E+00	8.43821285E+00	
-4.30000000E+00	7.20046360E+00	
-4.20000000E+00	6.20839822E+00	
-4.10000000E+00	6.58046339E+00	
-4.00000000E+00	8.21736112E+00	
-3.90000000E+00	1.00045435E+01	
-3.80000000E+00	1.13694575E+01	
-3.70000000E+00	1.21932580E+01	
-3.60000000E+00	1.24985046E+01	
-3.50000000E+00	1.23715535E+01	
-3.40000000E+00	1.20076164E+01	
-3.30000000E+00	1.17905080E+01	
-3.20000000E+00	1.21629682E+01	
-3.10000000E+00	1.31586407E+01	
-3.00000000E+00	1.43505130E+01	
-2.90000000E+00	1.53169078E+01	
-2.80000000E+00	1.58149805E+01	
-2.70000000E+00	1.56920744E+01	
-2.60000000E+00	1.47884689E+01	
-2.50000000E+00	1.29138783E+01	
-2.40000000E+00	1.04020875E+01	
-2.30000000E+00	1.08061747E+01	
-2.20000000E+00	1.47898361E+01	
-2.10000000E+00	1.83890248E+01	
-2.00000000E+00	2.09998925E+01	
-1.90000000E+00	2.27892056E+01	
-1.80000000E+00	2.38816153E+01	
-1.70000000E+00	2.43194348E+01	
-1.60000000E+00	2.40792828E+01	
-1.50000000E+00	2.31188219E+01	
-1.40000000E+00	2.16910694E+01	
-1.30000000E+00	2.15687994E+01	
-1.20000000E+00	2.45073192E+01	
-1.10000000E+00	2.82870174E+01	
-1.00000000E+00	3.15608259E+01	
-9.00000000E-01	3.42361646E+01	
-8.00000000E-01	3.64196100E+01	
-7.00000000E-01	3.82069013E+01	
-6.00000000E-01	3.96660251E+01	
-5.00000000E-01	4.08438926E+01	
-4.00000000E-01	4.17729987E+01	
-3.00000000E-01	4.24758977E+01	
-2.00000000E-01	4.29680132E+01	
-1.00000000E-01	4.32593664E+01	
0.00000000E+00	4.33556030E+01	
1.00000000E-01	4.32585356E+01	
2.00000000E-01	4.29663130E+01	
3.00000000E-01	4.24732465E+01	
4.00000000E-01	4.17692629E+01	
5.00000000E-01	4.08388702E+01	
6.00000000E-01	3.96594174E+01	
7.00000000E-01	3.81982656E+01	
8.00000000E-01	3.64082777E+01	
9.00000000E-01	3.42211022E+01	
1.00000000E+00	3.15404392E+01	
1.10000000E+00	2.82592584E+01	
1.20000000E+00	2.44735287E+01	
1.30000000E+00	2.15517786E+01	
1.40000000E+00	2.17058665E+01	
1.50000000E+00	2.31403374E+01	
1.60000000E+00	2.40974549E+01	
1.70000000E+00	2.43324224E+01	
1.80000000E+00	2.38886048E+01	
1.90000000E+00	2.27886844E+01	
2.00000000E+00	2.09886738E+01	
2.10000000E+00	1.83606098E+01	
2.20000000E+00	1.47329789E+01	
2.30000000E+00	1.07371244E+01	
2.40000000E+00	1.04365500E+01	
2.50000000E+00	1.29938898E+01	
2.60000000E+00	1.48704714E+01	
2.70000000E+00	1.57708187E+01	
2.80000000E+00	1.58902992E+01	
2.90000000E+00	1.53876694E+01	
3.00000000E+00	1.44122463E+01	
3.10000000E+00	1.32014017E+01	
3.20000000E+00	1.21744114E+01	
3.30000000E+00	1.17711122E+01	
3.40000000E+00	1.19754639E+01	
3.50000000E+00	1.23434155E+01	
3.60000000E+00	1.24820692E+01	
3.70000000E+00	1.21917719E+01	
3.80000000E+00	1.13860574E+01	
3.90000000E+00	1.00444624E+01	
4.00000000E+00	8.28671759E+00	
4.10000000E+00	6.67052984E+00	
4.20000000E+00	6.27367625E+00	
4.30000000E+00	7.21566137E+00	
4.40000000E+00	8.41905515E+00	
4.50000000E+00	9.20553111E+00	
4.60000000E+00	9.37115142E+00	
4.70000000E+00	8.83229986E+00	
4.80000000E+00	7.45774768E+00	
4.90000000E+00	4.92566692E+00	
5.00000000E+00	2.76960235E-01	
