% Model:              electrostatically actuated reflector 50-cm.mph
% Version:            COMSOL 6.3.0.335
% Date:               Jun 9 2025, 23:48
% Dimension:          1
% Nodes:              674
% Expressions:        1
% Description:        Line graph
% y-coordinate (m)        Displacement field, Z-component
-0.25                     0
-0.24792639086969526      -0.2712894910820012
-0.24585274142516375      -0.5427959937745968
-0.2458527411260511       -0.542796032884283
-0.24585274082695405      -0.5427960720224696
-0.2437790278322871       -0.8137696890689714
-0.24170527660844213      -1.0849600450772392
-0.24170527392516947      -1.0849603954951834
-0.2417052712420341       -1.0849607461691677
-0.23963145646795914      -1.3556182171729665
-0.2375576055496961       -1.6264921549469677
-0.23755759839735796      -1.6264930878596167
-0.23755759337321875      -1.6264937425305177
-0.23464378106867625      -2.0062007129056965
-0.23464377129616265      -2.006201983415809
-0.23172979088760853      -2.385066688112623
-0.23172977986836876      -2.3850681174402952
-0.2288156278541573       -2.7630910135608087
-0.22881561908989392      -2.763092147792464
-0.22590128832913048      -3.1402721164474925
-0.2259012826659845       -3.140272847718952
-0.22298677390533056      -3.5165945778906846
-0.2229867678456088       -3.516595358539138
-0.22007208458276667      -3.892058397841842
-0.22007207233756404      -3.8920599702612053
-0.2164862522836085       -4.352549342681767
-0.21648622977702978      -4.352552221865563
-0.21290010610821736      -4.8113422677441156
-0.21290008085483486      -4.8113454860774105
-0.209313646056598        -5.268437173219653
-0.2093136255713387       -5.268439773968957
-0.20572687719261692      -5.723842934631084
-0.20572686232711956      -5.723844814932787
-0.20213979240402233      -6.177520798264023
-0.2021397768562515       -6.177522757202983
-0.19855239169078043      -6.629470763875149
-0.19855236549716618      -6.629474048128608
-0.19438164528884905      -7.152469789520195
-0.19438161015938954      -7.152474171782097
-0.19021044129302933      -7.672866296248455
-0.190210407047274        -7.672870546438746
-0.18603877970333593      -8.190660284448057
-0.1860387561614092       -8.190663191196336
-0.18186666228626489      -8.705820910849447
-0.18186664730028962      -8.70582275173927
-0.17769408537134687      -9.21833701433868
-0.17769406600773724      -9.218339380447809
-0.17352104895856757      -9.728208594949766
-0.17352101454211352      -9.728212788937585
-0.17187009307609202      -9.928938446065569
-0.17066687325871052      -10.075255041741574
-0.17021907560920085      -10.129586836225343
-0.16960465392538954      -10.204147725628149
-0.16856798205843532      -10.32966320383917
-0.16781245785533608      -10.421153884019914
-0.16691681832940164      -10.529367353850361
-0.16568788175857696      -10.677875477867893
-0.16526558711037373      -10.728790238893577
-0.16495782783220964      -10.765902050716013
-0.16357022897964646      -10.932402155836742
-0.16172358564053985      -11.154790165849501
-0.1606257289664381       -11.286391658339287
-0.15984495716349523      -11.37998511869159
-0.15777579296266506      -11.626549360466697
-0.154967904145388        -11.961145867714386
-0.15492562488504602      -11.966153908235533
-0.15486617975950429      -11.973195376174258
-0.1520751303018814       -12.302147600728397
-0.15009005641894893      -12.536111458122729
-0.14922440163396625      -12.637523026604354
-0.1480072219192456       -12.780118067883414
-0.14637338562516014      -12.97055574952952
-0.1455555630404038       -13.065559288288789
-0.14302102247959952      -13.359682990266418
-0.14212139757291942      -13.46324812686063
-0.1396681865289912       -13.745367658433034
-0.138686747359805        -13.857324899679995
-0.13651043598125706      -14.103658335121992
-0.13369404221926606      -14.42413380786182
-0.13343333079320352      -14.453339260189267
-0.1330146013108549       -14.50049778387616
-0.13035568819357507      -14.795947976411874
-0.12870020755359599      -14.980894510350996
-0.12727769176917805      -15.137301627654056
-0.12408428217997075      -15.488640467534108
-0.123674773260398        -15.533275940566662
-0.12196359723740224      -15.718922357103748
-0.12007114792342186      -15.922578795903087
-0.11961824609491199      -15.971088587513682
-0.11646682213602659      -16.305412280581375
-0.11515117533410907      -16.444318755072686
-0.1128618561775525       -16.683686412596394
-0.11068310853395294      -16.910390571895416
-0.10916926233806964      -17.066763126506864
-0.10655984221788778      -17.33374967663819
-0.10534306098562322      -17.45727598527632
-0.10268736075108004      -17.72416186298637
-0.10248106747322948      -17.744600680747503
-0.10182890183705876      -17.809154800047313
-0.09961855473065336      -18.02565220259404
-0.09891936666878309      -18.094071463986765
-0.09675559144071932      -18.3027387070136
-0.09515059568189803      -18.45737174320272
-0.09389220635438458      -18.576826399991027
-0.09138106412429803      -18.81497034246177
-0.09102839947143618      -18.847915275017176
-0.08991348253094503      -18.951965515091004
-0.08800387883531911      -19.128023342343823
-0.08707546300431707      -19.21389729866597
-0.0863820463451621       -19.276867485457235
-0.08609552189289037      -19.303160476715814
-0.0846523195056102       -19.43321450778255
-0.08365099616666133      -19.524403607658893
-0.08292250250756386      -19.589544403771637
-0.0812062535789022       -19.74464537452612
-0.08119259535073518      -19.745857162969777
-0.08115954454893719      -19.74882101741077
-0.07946248206013683      -19.89794099972203
-0.07876121712457465      -19.96022948604081
-0.077732276352344        -20.04992568244919
-0.07553847109254709      -20.243784521075916
-0.0753951284628271       -20.256209035184863
-0.0752786668380537       -20.266321351706644
-0.07305759157026773      -20.45607715841297
-0.07104168463335157      -20.628612247998287
-0.07057732066647861      -20.66778986069671
-0.06826758143126635      -20.85945207602605
-0.06720372247599095      -20.947532233192195
-0.06698981777887932      -20.964945221282637
-0.06382943451546724      -21.218759796534695
-0.06293695908518715      -21.28919771296643
-0.06045447796243009      -21.482410829223078
-0.059326041634239685     -21.567487153778522
-0.056715161319830544     -21.763165503825086
-0.056414309498483285     -21.78483486710507
-0.055355942681362        -21.860593973805287
-0.05350194052751106      -21.992333097113438
-0.05297486301240259      -22.029550790090312
-0.05058895543425767      -22.19105818783396
-0.049358024797604184     -22.273520670558263
-0.047609734719560495     -22.38588274407737
-0.04595939543400152      -22.490687219090763
-0.04462991765782698      -22.571497895377306
-0.04255996054540502      -22.695735114745588
-0.041649504253039135     -22.747903754620552
-0.03915972012888087      -22.88866428864581
-0.03849327494841519      -22.923770608258675
-0.03448850697679701      -23.131329121252897
-0.03444802366745581      -23.13322583190515
-0.03418634749937563      -23.145263750306636
-0.030401712514928864     -23.31844011261876
-0.03005876903925429      -23.333634361268313
-0.029417823831476918     -23.361213735599613
-0.027321880121842074     -23.444150348992657
-0.0262002569904264       -23.48710260761939
-0.024584619414590787     -23.54615970956301
-0.021997989055082493     -23.637412548583747
-0.021847012509958668     -23.642475939157272
-0.0215648363237415       -23.651579891628394
-0.019108961401098315     -23.72232455124389
-0.017305864431359376     -23.77062321574399
-0.015924745344382006     -23.80530083656944
-0.014222330758233174     -23.844418383255793
-0.012740282425361335     -23.873304988001845
-0.011537971367723594     -23.894178102588455
-0.009555562921023797     -23.92526798680378
-0.007111831904695727     -23.95838803480722
-0.006370629221681949     -23.96585014618458
-0.005769364946483654     -23.97062312845983
-0.0031854062742377636    -23.98680003828934
-4.518045709880224E-8     -23.99996048383329
-4.895644114556357E-10    -23.99996059937012
6.884734024473197E-8      -23.99996052900322
0.0037642085391459295     -23.985855543175568
0.006849357628396522      -23.96160411941505
0.007528079564392708      -23.954771665951654
0.008356162926555779      -23.943028516861766
0.011291541627843458      -23.90059437438001
0.013697317466087322      -23.855915961714622
0.01505464089142362       -23.827713297187124
0.016710660398750785      -23.786487801410274
0.0188173493342308        -23.733463936840685
0.02054394837264833       -23.682898399720237
0.022579676830932975      -23.6187853133883
0.02420696852443769       -23.563144423984035
0.02497721682063143       -23.53605154998437
0.02557781701211635       -23.51424251114892
0.027374423696155954      -23.443934497417047
0.02967807429282862       -23.35116153305128
0.029771348773694722      -23.347313559460655
0.029844084102848962      -23.344230086329127
0.03216791809458562       -23.239156198496815
0.03410941974520998       -23.14915787548837
0.03474152979077652       -23.11823782496942
0.03778889523532866       -22.962964846103972
0.038071553203445664      -22.947952893476558
0.040216895347403296      -22.830170999435495
0.04133510995294747       -22.767250555972915
0.042540450491713386      -22.69772719158177
0.044597948943448554      -22.576237254184292
0.044863656137226565      -22.560172950894785
0.045520700456261644      -22.519549774069354
0.047186463633260345      -22.415305599789555
0.04786002983339952       -22.372231409563398
0.049508902440724846      -22.2644590078459
0.052259721273143975      -22.076199023247874
0.05406637405516425       -21.95097106629356
0.05782168636291855       -21.67924663281869
0.05862247402657174       -21.62060097850344
0.06225071401689743       -21.343841219109777
0.06317719369249641       -21.27295652612019
0.06338163620108883       -21.25669189877627
0.06710531297144558       -20.957402059894758
0.06943272968855552       -20.765053302047107
0.07100309166897614       -20.634177497123126
0.07384664420424343       -20.390734341055996
0.07489988234797888       -20.29952245738019
0.07515401534189602       -20.277669300020907
0.07669220922683577       -20.142717753405385
0.07779648962981692       -20.046939894647988
0.07848444427226695       -19.98607220443384
0.07993478254148274       -19.859202821786912
0.08027656239489393       -19.828664644390635
0.0804386937826519        -19.814340353462434
0.08206848222747988       -19.6675076440704
0.08308058001950701       -19.577337352513876
0.08386031022654337       -19.506509795229146
0.08550411742354945       -19.358837987241067
0.08563627269700422       -19.346745930860973
0.08588554750670924       -19.32406687561149
0.08838984478665257       -19.092989792912427
0.08923647177263011       -19.014968896687453
0.09112517350174329       -18.838088655968196
0.09289633644948288       -18.672423695710563
0.09386013861747143       -18.580831854978012
0.09655551001699929       -18.325001643313545
0.09659474013345819       -18.32121937747741
0.09671078392883434       -18.310044916075793
0.09932884406008692       -18.054673502131376
0.10021391923395381       -17.968444682877813
0.10206257844878482       -17.785569073891793
0.10402604069604149       -17.589220435337808
0.10578058544611939       -17.412541188672535
0.10799518043333639       -17.187155150845832
0.10948229839756683       -17.03450123966002
0.11279209330428625       -16.693806080628853
0.1131604643832097        -16.655396421321697
0.11437179038742876       -16.528747787059903
0.1168378363926185        -16.267916880381694
0.11758775808013905       -16.188384502273372
0.12051447799853708       -15.87408987014955
0.12238221588361095       -15.672983847694635
0.1241904505598524        -15.475872044324872
0.1273560176331713        -15.131565729039137
0.1274213438134802        -15.124330669890895
0.12753531095065077       -15.11179213791818
0.1306515927673857        -14.763506463399574
0.13243789086135432       -14.565174983398407
0.1338814679666797        -14.402026754295523
0.13639967990217133       -14.119275192604908
0.1371109155677909        -14.038174541333829
0.1375186438251612        -13.991981393809358
0.14060461209169745       -13.639386970423985
0.14110796569056688       -13.581726481406232
0.1411946128744208        -13.571807609563272
0.1446967249545799        -13.166011533761415
0.14540104651733388       -13.084455742207725
0.14703019562675332       -12.894790720460449
0.1484378590874578        -12.730294310954582
0.14925006622331471       -12.635291362448235
0.1514743486746617        -12.37358629904891
0.15403831380054214       -12.071629817138476
0.15451055341332096       -12.015688851997687
0.1553290347086582        -11.918641488137766
0.15754642138147498       -11.654754148927516
0.15882578235364048       -11.502357248336828
0.16058198533620036       -11.291947963063034
0.1636124732073591        -10.928530240500635
0.16361604347385028       -10.928099557101149
0.16362196581130747       -10.927388743663643
0.1652672054678142        -10.728976935544402
0.1669143107040666        -10.530385735766393
0.166918132528033         -10.529923865126621
0.1669219500541847        -10.529462619522935
0.1685689746298949        -10.329998444983985
0.17021786702898625       -10.130353683045945
0.17021975907882247       -10.130124065504502
0.170221649000711         -10.129894758479354
0.17187045853736604       -9.929376253237184
0.1735210626518907        -9.728685140805743
0.17352110037437846       -9.728680543599175
0.17352114809253544       -9.728674713574858
0.17769413403838308       -9.21878866922934
0.17769418735121786       -9.218782121199903
0.18186670854957745       -8.706255179524055
0.18186675775721745       -8.706249103884586
0.18603882390794713       -8.191080074161613
0.18603885931115854       -8.191075680047701
0.1902105725112573        -7.673259858771266
0.19021059430650633       -7.673257139211862
0.19438186288699918       -7.152823309218645
0.19438188409629373       -7.152820649178031
0.19855269503440479       -6.629770425883601
0.19855272397593474       -6.6297667800480005
0.20214009480646575       -6.1778152205548444
0.2021401304964004        -6.177810706904065
0.20572717799782228       -5.724120712750214
0.20572721206300645       -5.724116387679925
0.2093139446084661        -5.268686902179083
0.20931396867621763       -5.268683834486461
0.21290069641884618       -4.8115279635144
0.2129007117330341        -4.811526004004291
0.216487133836784         -4.352662463672398
0.21648714689441392       -4.3526607865373474
0.2200732568602636        -3.8920904028785897
0.22007327092196358       -3.8920885916639283
0.22298794524923787       -3.51663182401825
0.22298796051142342       -3.5166298534832956
0.22590245808192108       -3.140299861789264
0.22590247113338066       -3.1402981726732593
0.22881679535831004       -2.763094516077264
0.228816802787906         -2.7630935522565827
0.23173082450314844       -2.385065090560562
0.23173082726057392       -2.3850647320057696
0.23464468051531936       -2.0061911122264147
0.23464468223327345       -2.006190888325396
0.23755836339516212       -1.6264725810062501
0.2375583695315896        -1.6264717805158893
0.23963209169805946       -1.3555802039287252
0.24170577613959587       -1.0849132398565497
0.2417057802474629        -1.0849127029361196
0.24170578435554366       -1.0849121664229548
0.2437794062250049        -0.8137215010249981
0.24585299038657735       -0.5427554458242291
0.2458529924490754        -0.5427551759340521
0.24585299451168074       -0.5427549062483467
0.24792651610126226       -0.2712651491861817
0.25                      0
-0.25                     0
-0.2479359932096346       -0.35314967896497035
-0.24587184941180978      -0.7059618205525254
-0.24380752166278882      -1.0574808655504098
-0.24174306166739865      -1.4086615632797068
-0.24174305690625852      -1.4086623720983862
-0.2417430521455097       -1.4086631800186125
-0.23967840819864555      -1.7585507842970773
-0.23761363655010037      -2.108099276654635
-0.23761362248336768      -2.1081016548196136
-0.2376136126022973       -2.1081033188685927
-0.23471227587613713      -2.596732054005306
-0.23471226524328923      -2.59673383332801
-0.23181039253576727      -3.0823602950237396
-0.2318103807098552       -3.082362261398011
-0.22890797246225753      -3.5649863778653637
-0.22890795900189495      -3.564988601676625
-0.22600500625904688      -4.04456788802316
-0.22600499264121252      -4.044570123069162
-0.22310149587075653      -4.521095640780773
-0.22310148214127248      -4.521097879291949
-0.22019744129742738      -4.994569636167624
-0.22019742432647782      -4.994572379310149
-0.2166241160867751       -5.572173720964396
-0.2166241053065612       -5.572175444137363
-0.21304976072303297      -6.143540351189716
-0.21304974692835046      -6.143542531512241
-0.20947437520620169      -6.708669526684388
-0.20947434918759342      -6.70867359250071
-0.20589795955833468      -7.267521861954971
-0.20589792200527723      -7.267527662390681
-0.2023205069697715       -7.8200749926740105
-0.20232047029258193      -7.8200805916190435
-0.19874201744053235      -8.366328918634075
-0.19874199025400255      -8.366333006256847
-0.1945805706894231       -8.992042708506874
-0.19458056902583937      -8.992042954332351
-0.19041754636261513      -9.607227747089286
-0.19041753887423432      -9.607228834286047
-0.18625294446014545      -10.211884033908689
-0.1862528997773058       -10.21189040578526
-0.18208677471891158      -10.806021554971739
-0.18208669147087714      -10.806033211872249
-0.1779190265300922       -11.389588833018417
-0.1779189427238684       -11.389600351168275
-0.17374969989356917      -11.962585866716395
-0.17374965641800622      -11.962591771153946
-0.1720999437535085       -12.186148532214922
-0.17089752201569575      -12.348361425599204
-0.1704499976153591       -12.40860189827221
-0.16983592007237602      -12.49088891896044
-0.1687998413734152       -12.629415940003064
-0.16804470406281374      -12.729921809425862
-0.16714948321638265      -12.848806527365635
-0.16592104875953673      -13.01119629566115
-0.1654989268724837       -13.066871943429224
-0.16519127771391934      -13.107262598474756
-0.1638041196062466       -13.28850786517389
-0.16195790831621631      -13.529057772138545
-0.16086028531720792      -13.671483576618234
-0.1600796367981005       -13.772133617308674
-0.1580106976633039       -14.037129941775905
-0.15520289676836987      -14.394440907267947
-0.15516060124731984      -14.399787432585839
-0.15510113039872833      -14.40725593178477
-0.15230986981071912      -14.756242276962933
-0.15032448214463556      -15.002832152534163
-0.14945862692242023      -15.1096397901081
-0.148241087327593        -15.258824489363965
-0.14660680137897036      -15.458167560158092
-0.1457887120642631       -15.556982621396598
-0.14325315572604513      -15.86240710783494
-0.14235313963623547      -15.969078787127813
-0.13989863019219886      -16.259180013570877
-0.13891663409740682      -16.373344437206768
-0.13673889556391483      -16.624114064967102
-0.13392042282194808      -16.94709681068704
-0.13365951066408613      -16.97652677470914
-0.13324043144913653      -17.02356443621554
-0.13057921212254048      -17.318426051565098
-0.1289221437624305       -17.5011080654714
-0.127498218495134        -17.65552802601724
-0.12430130887935784      -17.998125356567538
-0.12389130854118612      -18.041573576953734
-0.12217783294987038      -18.218882324777276
-0.12028307614552203      -18.413407488685717
-0.11982956093677041      -18.458838336277665
-0.1166735288900618       -18.77122804195243
-0.11535578210722133      -18.89838221286636
-0.11306273854407632      -19.116912286366485
-0.11088006906272896      -19.31949687530655
-0.10936353191901627      -19.458227246350987
-0.10674892277181366      -19.689103188047767
-0.10552972624800273      -19.79580142936143
-0.10286833688307148      -20.01970969908384
-0.10266158330517845      -20.03679325356595
-0.10200786550821095      -20.089170424488778
-0.09979255790781304      -20.26488906675464
-0.09909170749398497      -20.318725672558386
-0.09692271348748563      -20.482078605316637
-0.09531367739813282      -20.599232987040992
-0.09405207660067999      -20.689194902650556
-0.09153428733173988      -20.862436138571514
-0.09118064724669103      -20.88623794125817
-0.09006246642821779      -20.95870265715562
-0.0881477309157278       -21.081468922237285
-0.08721671709318353      -21.139300811505933
-0.08652129447761797      -21.181711803736118
-0.0862339192778467       -21.199143218275385
-0.08478666334721224      -21.285451393959924
-0.08378242915491026      -21.345009760356042
-0.08305190552831868      -21.387588903973718
-0.08133068389953478      -21.487346424241892
-0.08131702102095667      -21.488124334839675
-0.08128395632149679      -21.489996053927793
-0.07958195633980669      -21.58434955911987
-0.07887860616422288      -21.623110275484624
-0.07784676393123405      -21.678920099469188
-0.07564667434969408      -21.798133841090255
-0.07550285824476691      -21.805773224582744
-0.07538600902060087      -21.81195744608333
-0.07315876274957675      -21.927803233157505
-0.07113724788324849      -22.03255561274834
-0.0706716648728295       -22.05631299469606
-0.06835597940231827      -22.171782527308103
-0.06728910667155871      -22.22487034416343
-0.06707459199071984      -22.23529518630516
-0.06390623487440558      -22.38695298209551
-0.06301149226968754      -22.42874080130605
-0.060523058321224385     -22.54314136135008
-0.05939198197661213      -22.593494005278153
-0.05677528838823097      -22.70909302523448
-0.05647373441867431      -22.721871744025943
-0.05541291935571371      -22.766464545391663
-0.053555249991916895     -22.843979906381954
-0.05302715456910944      -22.865836418177718
-0.050636536647205826     -22.960472515326153
-0.04940332795007736      -23.00876542358692
-0.04765186046615803      -23.074359520574767
-0.045998679651088545     -23.135500192883214
-0.04466697230177441      -23.18247551338105
-0.042593742817616256     -23.254639035702183
-0.04168187215474323      -23.284820527003628
-0.03918851744925252      -23.366181934207248
-0.038521094896303044     -23.38643081622929
-0.03451138512775455      -23.50590391943946
-0.03447069101160104      -23.506998154499318
-0.03420767276369388      -23.513927742563563
-0.03041992768313105      -23.613194859907406
-0.03007670469475501      -23.621908650662544
-0.029435234950287114     -23.637693015540428
-0.02733717914848409      -23.685139985091308
-0.02621454722371174      -23.70965077458636
-0.024597531693910213     -23.74336526928826
-0.022008900034277645     -23.795315293213044
-0.021857771289099714     -23.798199596558227
-0.02157531495789379      -23.803369642942926
-0.019117863622274654     -23.843456701198832
-0.017313748595652396     -23.870869885322545
-0.015931744678123996     -23.89054371788851
-0.014228223819260106     -23.9127263034105
-0.012745547117298027     -23.929062148555733
-0.011542721143253224     -23.94085438483105
-0.009559267531688715     -23.958397508637773
-0.007114320897781251     -23.977054328726194
-0.0063729207664428925    -23.981226327451935
-0.005771470338200917     -23.98388071332492
-0.0031864805398600137    -23.99281006754743
3.818204043879674E-9      -23.999949355143535
1.5779677710437446E-8     -23.999949371811788
3.433783997249955E-8      -23.99994936167312
0.0037654747965981776     -23.99232290816276
0.006851735715267914      -23.978820655162615
0.007530826679144514      -23.974991049387324
0.00835935760558825       -23.968371864966375
0.011296047662249559      -23.944448620127478
0.013703013358650422      -23.91918459778953
0.015061153527736123      -23.903211874574215
0.0167181638907876        -23.879830147796703
0.01882613469632717       -23.849753501498693
0.020553867269129826      -23.821041613243494
0.022590994544222042      -23.78461180462211
0.024219495712639375      -23.75299167750761
0.02499041876796349       -23.737593626280702
0.0255915788421825        -23.72516828395846
0.027389732737857667      -23.68508456014564
0.029695528495520915      -23.632080976155656
0.029788953995402594      -23.629881367658303
0.029861808184137428      -23.628115413132385
0.03218805725768887       -23.567952989888685
0.03413173259503657       -23.516332657269476
0.034764611078462196      -23.49857908002993
0.037815790868643354      -23.409299965125353
0.03809883979532925       -23.400640496834512
0.04024716542196917       -23.332634997317605
0.04136700923586761       -23.29622579922507
0.04257417852798885       -23.255934779921727
0.04463492543420139       -23.18538678794021
0.04490106936761485       -23.17604566992046
0.04555920231908416       -23.15238194319101
0.047227818815583675      -23.091641097303658
0.04790257342537722       -23.066499815331042
0.04955443845379898       -23.00352441137278
0.052310611666328374      -22.893577432045376
0.05412092889303392       -22.820384172383807
0.05788428902841509       -22.660228360471056
0.05868687073771772       -22.625639713464597
0.06232364792667885       -22.461174875736553
0.0632522605827256        -22.41905483957181
0.0634571726610515        -22.40932469091795
0.06719028287842836       -22.230216749837155
0.06952375962049287       -22.11443553932878
0.07109845921200525       -22.035588936616165
0.07395013274150616       -21.888127457143412
0.0750062318060219        -21.832869947600713
0.07526103288254661       -21.81946484132814
0.07680368767861137       -21.736675542881045
0.07791105746961681       -21.677118133523848
0.0786010366641093        -21.63927996820814
0.0800555610948602        -21.559345667952257
0.08039826781789162       -21.540102742041945
0.08056082804565892       -21.530956130434188
0.0821953456351375        -21.43726075767671
0.08321029893215959       -21.378962694176266
0.08399231656516584       -21.333217596021445
0.0856408691398444        -21.23659178962844
0.08577337170893898       -21.228683057289587
0.08602327228834819       -21.21342613166782
0.08853482360692355       -21.058194433134037
0.0893837864367177        -21.00375447678522
0.09127768213366119       -20.879687686937984
0.09305352055365715       -20.75923562192411
0.0940198666879269        -20.692352440999993
0.09672205954173553       -20.49905566949013
0.09676137726970915       -20.496188694988653
0.09687766193164747       -20.48743940038762
0.09950209749465637       -20.287367798274
0.10038922237163628       -20.217677281392106
0.10224213859131637       -20.06954879071008
0.10420978745470491       -19.904882866906334
0.10596813972653388       -19.75683712118755
0.10818704256097889       -19.562273938864433
0.1096771207465087        -19.42965005790576
0.11299283459436141       -19.12616641643544
0.11336183595030914       -19.09183411968697
0.11457500982885443       -18.9758941742964
0.11704508866884464       -18.737091297616793
0.11779614304475855       -18.66258153361451
0.1207269526834154        -18.367389344248416
0.12259706842205575       -18.174297845047107
0.12440749918301797       -17.984626868699927
0.12757654925169412       -17.64872989019618
0.12764194992356193       -17.641667509599152
0.12775603824074488       -17.629283901470927
0.13087532967421667       -17.28554337344105
0.1326631748184859        -17.087527564226633
0.13410795236924025       -16.924626956969547
0.136627966447089         -16.63908337260275
0.1373397555276406        -16.55725191308697
0.13774777621493622       -16.51011508572333
0.14083583432802974       -16.149648817158475
0.14133918911991106       -16.090763060284658
0.14142583371857315       -16.080596178222713
0.1449295157458098        -15.66098411108273
0.1456340950010163        -15.576352234839394
0.14726375609280945       -15.378234307591553
0.14867186204916222       -15.206536023066295
0.14948427113390272       -15.106723383208855
0.15170897270619954       -14.831291467289772
0.154273218396882         -14.51145015012116
0.1547454817190028        -14.452097142305568
0.15556396031218817       -14.348475149183015
0.1577813145456067        -14.06693987360994
0.15906056052613138       -13.903330892411082
0.16081651821377105       -13.677089752233213
0.16384633395159307       -13.283915581233282
0.16384990055565019       -13.283449824387839
0.16385581655922157       -13.282676648522415
0.16550051881524336       -13.06673452797551
0.16714696128387574       -12.849578577180765
0.16715077548914642       -12.849074345120119
0.16715458526253482       -12.848568418242651
0.16880080988510787       -12.629451440223963
0.17044877475652717       -12.409115995153128
0.17045065980608817       -12.408863387095183
0.170452542667054         -12.408609944497035
0.1721002874047895        -12.186311441917649
0.1737496887715733        -11.96280116985946
0.17374973057186963       -11.96279549272162
0.17374978344330233       -11.962788226743973
0.17791905510896674       -11.389793110362037
0.17791907369830984       -11.389790507573654
0.18208680233199434       -10.80622222538191
0.18208682072231          -10.806219602834016
0.18625297224095527       -10.212082838355283
0.18625302449225783       -10.212075251646594
0.19041766265048535       -9.60741136628044
0.1904177455897149        -9.60739910942593
0.19458077443829602       -8.992196682812502
0.1945808529069744        -8.992184883422592
0.1987423076030852        -8.366438788358353
0.1987423410360144        -8.366433685418077
0.20232080110882747       -7.820221916355176
0.2023208227070269        -7.820218580609786
0.20589825467325637       -7.267676526464962
0.20589827478956052       -7.267673383092178
0.2094746682963659        -6.708802618894119
0.2094746972788274        -6.708798037478921
0.21305034452101346       -6.143607145640315
0.21305038369537402       -6.143600882943099
0.2166249894606881        -5.5721620781529895
0.21662502775103099       -5.572155888051899
0.22019860311293782       -4.994467416977895
0.22019862452191258       -4.994463926854274
0.2231026589157157        -4.521015601375823
0.2231026756027786        -4.521012862851589
0.22600616873464047       -4.044490578423416
0.22600618205429426       -4.044488378014893
0.22890913256971324       -3.5648923481599417
0.22890914387614333       -3.5648904680131426
0.2318114194486534        -3.0822736721136326
0.2318114302252629        -3.0822718685032258
0.2347131688845687        -2.596646827225724
0.2347131786149019        -2.596645188332978
0.23761438087797604       -2.1080118134877823
0.23761439250427677       -2.1080098476944427
0.23967903407536945       -1.7584345797558145
0.24174354503449688       -1.4085364298011342
0.24174355257039146       -1.4085351508550048
0.24174356010692089       -1.4085338705414334
0.24380788977520282       -1.0573609452722859
0.24587208861694537       -0.70586517057248
0.24587209227773274       -0.7058645463586384
0.2458720959388289        -0.7058639214799167
0.24793611348996453       -0.35309336897500604
0.25                      0
